0,543
0,456
0,559
0,273
0,270
3,2
3,1
3,3
10,247
10,201
10,71
10,113
10,285
10,219
10,129
10,2
10,3
9,5
8,14
8,13
236,3
236,1
225,3
225,1
219,3
219,1
207,3
207,1
33,3
33,1
31,7
31,6
31,5
31,4
31,3
31,1
29,5
29,4
29,3
29,1
27,6
27,3
27,1
26,4
26,3
26,1
25,4
25,3
25,1
24,4
24,3
24,1
20,3
20,2
20,1
19,3
19,2
19,1
14,14
14,12
14,9
12,3
12,2
12,1
11,30
11,29
11,28
11,27
11,26
11,25
11,24
11,23
11,22
11,21
11,20
11,19
11,18
11,17
11,16
11,15
11,14
11,13
11,12
11,11
11,10
11,9
11,8
11,7
11,6
11,5
11,4
11,3
11,2
11,1
10,313
10,309
10,307
10,304
10,303
10,299
10,296
10,295
10,294
10,288
10,286
10,281
10,279
10,277
10,276
10,275
10,269
10,265
10,263
10,259
10,257
10,253
10,252
18,1
10,251
18,3
10,250
10,249
10,245
